001	Газ-24	АТП1	4
 002	Газ-52	АТП1	0
 003	Зил-130	АТП3	3
 004	Зил-133	АТП4	5
 005	Газ-1222	АТП5	4
[end]
001	N1	АТП1	3
 002	N2	АТП1	3
 003	N1	АТП2	4
 004	N3	АТП2	4
 005	N4	АТП4	4
 006	N5	АТП5	3
[end]
001	Трубка	АТП1	10000	100
 002	Скоба	АТП1	5000	230
 003	Картер	АТП3	40000	70
 004	Штуцер	АТП2	7000	200
 005	Прокладка	АТП2	5000	1200
 006	Пробка	АТП1	5000	300
 007	Толкатель	АТП1	11000	120
[end]
05002	004	Январь	003	007	7	77000
05003	003	Февраль 003	002	4	20000
05004	003	Февраль 005	004	1	7000
05005	003	Март	006	005	6	30000
05006	002	Апрель	006	007	9	99000
05007	004	Апрель	006	006	8	40000
05008	001	Май	005	007	3	33000
05009	001	Май	003	003	2	80000
05010	003	Май	006	001	16	160000
05011	003	Май	005	005	21	105000
05012	002	Июнь	001	001	5	50000
05013	005	Июнь	006	002	3	15000
05014	003	Август	002	006	6	30000
05015	004	Август	005	001	4	40000
05016	004	Август	001	007	7	77000
05017	005	Август	001	006	1	5000
05018	002	Август	004	002	1	5000
[fullend]


